25102022 030000;4822.633,N,00429.350,W;0.01;0.01;180;9.1;205;305;0.00
25102022 030500;4822.633,N,00429.352,W;0.03;0.03;168;10.8;203;304;0.00
25102022 031000;4822.635,N,00429.352,W;0.02;0.02;266;10.0;204;304;0.00
25102022 031500;4822.666,N,00429.478,W;4.19;4.19;296;8.4;211;272;0.00
25102022 032000;4822.477,N,00429.476,W;2.63;2.63;172;11.7;186;13;0.00
25102022 032500;4822.280,N,00429.411,W;2.40;2.40;163;10.3;184;11;0.00
25102022 033000;4822.113,N,00429.321,W;2.08;2.08;160;11.1;175;0;0.00
25102022 033600;4821.644,N,00430.312,W;13.82;13.82;246;10.5;188;302;0.00
25102022 034000;4821.300,N,00431.445,W;9.38;9.38;245;9.1;189;306;0.00
25102022 034500;4820.872,N,00432.977,W;14.56;14.56;246;11.4;188;303;0.00
25102022 035000;4820.396,N,00434.850,W;15.79;15.79;248;12.4;194;305;0.00
25102022 035500;4819.975,N,00436.641,W;15.67;15.67;249;11.5;193;303;0.00
25102022 040000;4819.679,N,00439.013,W;21.90;21.90;261;13.7;193;292;0.00
25102022 040500;4819.425,N,00441.617,W;20.98;20.98;260;14.4;189;287;0.00
25102022 041000;4819.252,N,00444.204,W;24.28;24.28;265;16.9;196;291;0.00
25102022 041500;4819.257,N,00446.903,W;11.80;11.80;300;14.3;178;236;0.00
25102022 042000;4819.679,N,00447.878,W;7.43;7.43;313;13.0;172;215;0.00
25102022 042500;4820.171,N,00448.823,W;10.27;10.27;307;13.9;173;221;0.00
25102022 043000;4820.805,N,00449.595,W;5.86;5.86;351;11.4;181;181;0.00
25102022 043600;4821.717,N,00448.650,W;15.79;15.79;31;14.2;166;134;0.00
25102022 044100;4822.644,N,00447.936,W;17.88;17.88;32;14.7;164;128;0.00
25102022 044600;4823.737,N,00447.399,W;16.34;16.34;305;15.8;174;227;0.00
25102022 045000;4824.470,N,00448.974,W;19.70;19.70;303;14.9;179;233;0.00
25102022 045500;4825.469,N,00450.883,W;20.25;20.25;311;16.2;179;224;0.00
25102022 050000;4826.525,N,00452.758,W;18.33;18.33;311;15.4;178;222;0.00
25102022 050500;4827.571,N,00454.514,W;17.67;17.67;311;14.8;182;226;0.00
25102022 051000;4828.371,N,00456.085,W;18.56;18.56;308;15.2;176;224;0.00
25102022 051500;4829.251,N,00457.458,W;10.77;10.77;38;14.0;169;129;0.00
25102022 052000;4830.489,N,00456.345,W;18.81;18.81;34;14.8;160;125;0.00
25102022 052500;4831.845,N,00455.003,W;18.40;18.40;35;14.9;166;129;0.00
25102022 053000;4833.171,N,00453.690,W;19.12;19.12;32;14.2;164;128;0.00
25102022 053600;4834.742,N,00452.091,W;18.70;18.70;33;14.1;163;126;0.00
25102022 054000;4835.772,N,00450.876,W;18.48;18.48;38;14.5;166;122;0.00
25102022 054500;4837.048,N,00449.270,W;21.41;21.41;38;15.0;159;115;0.00
25102022 055100;4838.624,N,00447.251,W;23.10;23.10;42;14.2;166;117;0.00
25102022 055500;4839.701,N,00445.883,W;21.40;21.40;43;14.6;162;116;0.00
25102022 060000;4841.058,N,00444.083,W;23.75;23.75;44;15.4;160;113;0.00
25102022 060500;4842.396,N,00442.290,W;21.14;21.14;42;14.9;161;114;0.00
25102022 061000;4843.606,N,00440.829,W;19.69;19.69;39;13.6;159;116;0.00
25102022 061500;4844.824,N,00439.442,W;17.87;17.87;35;12.7;155;116;0.00
25102022 062000;4846.074,N,00437.994,W;19.22;19.22;40;13.8;156;110;0.00
25102022 062600;4847.643,N,00436.018,W;20.65;20.65;38;13.9;160;115;0.00
25102022 063000;4848.688,N,00434.884,W;10.06;10.06;25;13.6;172;141;0.00
25102022 063500;4849.412,N,00433.416,W;23.27;23.27;65;13.9;153;83;0.00
25102022 064000;4850.239,N,00431.092,W;20.97;20.97;64;12.3;139;73;0.00
25102022 064500;4851.080,N,00428.799,W;20.82;20.82;69;12.7;146;72;0.00
25102022 065000;4851.635,N,00426.084,W;23.56;23.56;77;15.3;150;67;0.00
25102022 065500;4851.969,N,00423.339,W;24.30;24.30;78;13.2;152;68;0.00
25102022 070100;4852.392,N,00420.238,W;22.90;22.90;76;13.4;146;63;0.00
25102022 070500;4852.560,N,00418.006,W;23.39;23.39;87;14.5;154;61;0.00
25102022 071000;4853.264,N,00416.590,W;7.69;7.69;21;11.9;183;154;0.00
25102022 071600;4854.730,N,00415.032,W;20.48;20.48;40;14.2;157;115;0.00
25102022 072000;4855.646,N,00414.160,W;8.56;8.56;22;11.9;185;153;0.00
25102022 072500;4856.163,N,00414.019,W;5.02;5.02;7;12.3;178;163;0.00
25102022 073000;4856.621,N,00412.097,W;22.42;22.42;86;13.6;153;61;0.00
25102022 073500;4856.692,N,00409.617,W;20.06;20.06;90;13.9;153;56;0.00
25102022 074000;4856.529,N,00407.168,W;19.41;19.41;100;15.0;162;57;0.00
25102022 074500;4856.438,N,00404.755,W;21.22;21.22;91;12.9;154;58;0.00
25102022 075000;4856.473,N,00402.549,W;15.83;15.83;87;10.5;152;59;0.00
25102022 075500;4856.554,N,00400.613,W;17.32;17.32;87;11.0;150;59;0.00
25102022 080000;4856.633,N,00358.621,W;14.64;14.64;82;11.0;146;59;0.00
25102022 080500;4856.828,N,00356.496,W;17.44;17.44;84;12.4;148;57;0.00
25102022 081000;4857.051,N,00354.250,W;16.22;16.22;93;16.8;152;54;0.00
25102022 081500;4857.132,N,00352.053,W;18.12;18.12;84;15.8;150;58;0.00
25102022 082100;4857.083,N,00349.311,W;15.25;15.25;104;15.8;160;54;0.00
25102022 082500;4857.022,N,00347.561,W;16.12;16.12;90;15.1;150;55;0.00
25102022 083000;4857.060,N,00345.425,W;15.30;15.30;86;16.3;149;54;0.00
25102022 083600;4857.161,N,00342.886,W;17.62;17.62;78;14.5;140;55;0.00
25102022 084000;4857.387,N,00341.314,W;14.26;14.26;79;14.3;135;56;0.00
25102022 084500;4857.709,N,00339.228,W;17.95;17.94;79;16.5;142;55;0.00
25102022 085000;4857.836,N,00336.948,W;18.62;18.62;87;16.6;147;54;0.00
